rnn_cross=[0.8159836530685425, 0.814586877822876, 0.8131899833679199, 0.8117939829826355, 0.8103968501091003, 0.8090000152587891, 0.8076042532920837, 0.8062041401863098, 0.804804801940918, 0.8034068942070007, 0.8020132184028625, 0.8006232976913452, 0.7992357611656189, 0.7978516221046448, 0.7964688539505005, 0.7950937747955322, 0.7937235832214355, 0.792357861995697, 0.7909976243972778, 0.7896454334259033, 0.7882987260818481, 0.7869601249694824, 0.785629391670227, 0.7843047380447388, 0.7829865217208862, 0.7816786766052246, 0.7803794145584106, 0.7790794968605042, 0.7777867913246155, 0.7765015363693237, 0.7752217650413513, 0.7739479541778564, 0.7726794481277466, 0.7714150547981262, 0.7701541185379028, 0.7688973546028137, 0.7676469087600708, 0.7663991451263428, 0.7651539444923401, 0.7639117240905762, 0.7626712918281555, 0.7614324688911438, 0.7601959109306335, 0.7589602470397949, 0.7577269077301025, 0.7564969658851624, 0.7552703619003296, 0.754046618938446, 0.7528272867202759, 0.7516124844551086, 0.7504011988639832, 0.7491930723190308, 0.7479887008666992, 0.7467842698097229, 0.7455840110778809, 0.7443881630897522, 0.7431954145431519, 0.7420041561126709, 0.7408164739608765, 0.7396330833435059, 0.7384540438652039, 0.7372775077819824, 0.7361031770706177, 0.7349324822425842, 0.7337629795074463, 0.7325921654701233, 0.7314225435256958, 0.7302529811859131, 0.729085385799408, 0.7279183268547058, 0.7267489433288574, 0.7255793809890747, 0.7244105935096741, 0.7232435345649719, 0.7220789194107056, 0.7209157943725586, 0.7197495698928833, 0.7185848355293274, 0.7174223065376282, 0.7162593007087708, 0.715097963809967, 0.7139384150505066, 0.7127814888954163, 0.7116256356239319, 0.7104686498641968, 0.7093130350112915, 0.7081587314605713, 0.7070063352584839, 0.7058504223823547, 0.7046912312507629, 0.7035305500030518, 0.7023665308952332, 0.7012042999267578, 0.7000436782836914, 0.6988847851753235, 0.6977243423461914, 0.6965654492378235, 0.6954084634780884, 0.694253146648407, 0.6930993795394897];
rnn_focal=[0.20079289376735687, 0.19855862855911255, 0.19633953273296356, 0.19413889944553375, 0.19195884466171265, 0.18980197608470917, 0.18766480684280396, 0.18554891645908356, 0.18345686793327332, 0.18138572573661804, 0.17933744192123413, 0.17731373012065887, 0.17531749606132507, 0.1733492761850357, 0.17141009867191315, 0.1695001721382141, 0.1676211953163147, 0.16577038168907166, 0.1639503687620163, 0.1621626317501068, 0.16040712594985962, 0.15868568420410156, 0.15699733793735504, 0.15534570813179016, 0.15372860431671143, 0.15214286744594574, 0.15059100091457367, 0.14907655119895935, 0.1475963443517685, 0.14615020155906677, 0.14473804831504822, 0.14335931837558746, 0.1420140564441681, 0.1407034695148468, 0.1394263356924057, 0.13818359375, 0.13697582483291626, 0.1358024626970291, 0.13466180860996246, 0.13355368375778198, 0.13247667253017426, 0.13143238425254822, 0.13041631877422333, 0.12942858040332794, 0.12846766412258148, 0.12753386795520782, 0.12662705779075623, 0.1257464587688446, 0.12489327043294907, 0.12406659871339798, 0.12326349318027496, 0.12248533964157104, 0.12172958999872208, 0.12099630385637283, 0.12028562277555466, 0.1195959523320198, 0.1189270168542862, 0.11827929317951202, 0.11765217781066895, 0.11704548448324203, 0.11645685136318207, 0.11588507145643234, 0.11533012986183167, 0.11479309946298599, 0.11427147686481476, 0.11376388370990753, 0.11326951533555984, 0.1127886101603508, 0.11232151836156845, 0.1118675097823143, 0.1114262267947197, 0.11099737137556076, 0.11058064550161362, 0.11017786711454391, 0.10978811234235764, 0.10940900444984436, 0.10904093831777573, 0.1086830124258995, 0.10833543539047241, 0.10799742490053177, 0.10766831040382385, 0.10734844207763672, 0.1070370003581047, 0.10673418641090393, 0.10644020140171051, 0.10615438967943192, 0.10587649792432785, 0.10560521483421326, 0.10534106940031052, 0.1050836369395256, 0.10483258217573166, 0.10458806902170181, 0.10434918850660324, 0.10411551594734192, 0.10388709604740143, 0.10366427898406982, 0.10344652831554413, 0.10323341935873032, 0.10302436351776123, 0.10281993448734283];
rnn_crf=[16.96986961364746, 16.840518951416016, 16.802040100097656, 16.777284622192383, 16.789175033569336, 16.653242111206055, 16.56023406982422, 16.49649429321289, 16.38466453552246, 16.379894256591797, 16.425155639648438, 16.28228759765625, 16.20903205871582, 16.227140426635742, 16.146106719970703, 16.113767623901367, 16.0155029296875, 16.108985900878906, 15.807374000549316, 15.861067771911621, 15.766523361206055, 15.72052001953125, 15.638712882995605, 15.69533920288086, 15.316306114196777, 15.430352210998535, 15.229219436645508, 15.298907279968262, 15.114314079284668, 15.287392616271973, 15.218058586120605, 15.007246971130371, 14.959700584411621, 14.910456657409668, 14.881980895996094, 14.830806732177734, 14.650416374206543, 14.600045204162598, 14.573060035705566, 14.700352668762207, 14.403853416442871, 14.367368698120117, 14.29725456237793, 14.314970016479492, 14.28416919708252, 14.012918472290039, 14.05854606628418, 13.93474006652832, 13.890726089477539, 13.828078269958496, 13.785888671875, 13.62755012512207, 13.694100379943848, 13.661165237426758, 13.61766242980957, 13.443147659301758, 13.503238677978516, 13.317206382751465, 13.312044143676758, 13.235061645507812, 13.280654907226562, 13.172168731689453, 12.9292573928833, 13.055665969848633, 12.968395233154297, 12.926328659057617, 13.026626586914062, 12.939559936523438, 12.687825202941895, 12.72919750213623, 12.76858139038086, 12.586962699890137, 12.587300300598145, 12.573606491088867, 12.565070152282715, 12.375432014465332, 12.533530235290527, 12.347124099731445, 12.38649845123291, 12.28807544708252, 12.314346313476562, 12.251069068908691, 12.242409706115723, 12.043339729309082, 12.07090950012207, 11.9678955078125, 11.913569450378418, 11.890740394592285, 11.857200622558594, 11.747706413269043, 11.86054515838623, 11.72120189666748, 11.680973052978516, 11.809267044067383, 11.765851974487305, 11.61909008026123, 11.6636323928833, 11.71719741821289, 11.606921195983887, 11.52228832244873];
