y=[0.0, 0.51375, 0.315, 0.51375, 0.595, 0.51375, 0.54875, 0.51375, 0.515, 0.51375, 0.415, 0.49125, 0.46875, 0.45125, 0.50875, 0.56125, 0.51125, 0.355, 0.51, 0.55375, 0.5325, 0.54, 0.51875, 0.62125, 0.47875, 0.6075, 0.52375, 0.5475, 0.52125, 0.49375, 0.5075, 0.6225, 0.60125, 0.565, 0.51125, 0.525, 0.55125, 0.6575, 0.55, 0.61375, 0.5625, 0.6025, 0.5325, 0.67625, 0.59375, 0.57625, 0.5375, 0.645, 0.58625, 0.6275, 0.5875, 0.705, 0.65625, 0.67875, 0.5775, 0.6525, 0.5525, 0.61, 0.56375, 0.59625, 0.63375, 0.65625, 0.595, 0.7075, 0.62375, 0.68625, 0.64, 0.66625, 0.62, 0.65, 0.60125, 0.68875, 0.63125, 0.66125, 0.61125, 0.64, 0.61375, 0.62, 0.63625, 0.695, 0.62125, 0.67875, 0.65, 0.67125, 0.58125, 0.64375, 0.59, 0.685, 0.655, 0.69375, 0.67375, 0.68125, 0.63875, 0.6525, 0.64, 0.665, 0.69, 0.665, 0.675, 0.66125, 0.67875, 0.65125, 0.6975, 0.60875, 0.64, 0.6425, 0.665, 0.6325, 0.65375, 0.64875, 0.69375, 0.6825, 0.6725, 0.65, 0.68625, 0.63625, 0.67375, 0.6475, 0.67, 0.6975, 0.665, 0.6825, 0.6725, 0.6875, 0.66125, 0.715, 0.65375, 0.69875, 0.6725, 0.65, 0.62, 0.6725, 0.655, 0.7075, 0.67125, 0.71125, 0.68375, 0.67125, 0.66875, 0.69125, 0.64375, 0.68875, 0.64625, 0.68375, 0.6575, 0.7, 0.655, 0.7025, 0.65625, 0.68, 0.68125, 0.665, 0.67625, 0.6725, 0.65625, 0.70125, 0.69125, 0.67375, 0.65125, 0.66125, 0.6625, 0.69875, 0.65625, 0.70125, 0.65875, 0.70875, 0.66625, 0.695, 0.655, 0.68625, 0.64875, 0.6775, 0.66, 0.67, 0.68625, 0.66125, 0.66, 0.69875, 0.65875, 0.6975, 0.65375, 0.68125, 0.64125, 0.68875, 0.685, 0.67625, 0.6575, 0.66375, 0.68125, 0.66875, 0.65625, 0.66125, 0.64125, 0.675, 0.65, 0.6825, 0.68875, 0.6625, 0.69125, 0.66375, 0.64375, 0.67375, 0.66, 0.66375, 0.6475, 0.6625, 0.6475, 0.695, 0.65875, 0.69375, 0.6775, 0.68375, 0.6625, 0.66375, 0.64, 0.67125, 0.65875, 0.67625, 0.65875, 0.68125, 0.64875, 0.665, 0.63875, 0.6475, 0.6525, 0.655, 0.62125, 0.6375, 0.65, 0.65375, 0.645, 0.62625, 0.63, 0.63625, 0.6525, 0.63125, 0.60875, 0.62, 0.63875, 0.6025, 0.64375, 0.6225, 0.615, 0.6, 0.6075, 0.605, 0.6125, 0.62125, 0.64625, 0.625, 0.63, 0.62375, 0.6325, 0.61375, 0.60375, 0.60375, 0.64125, 0.63625, 0.64875, 0.635, 0.615, 0.61625, 0.64, 0.6275, 0.60625, 0.62625, 0.63375, 0.63125, 0.615, 0.6125, 0.6075, 0.63625, 0.63875, 0.6575, 0.64125, 0.65125, 0.64375, 0.62875, 0.5975, 0.61625, 0.5775, 0.60875, 0.6025, 0.64, 0.62875, 0.61375, 0.59875, 0.61125, 0.6075, 0.61375, 0.6075, 0.60875, 0.635, 0.61125, 0.6175, 0.62875, 0.62, 0.6175, 0.61375, 0.61625, 0.62375, 0.6025, 0.6125, 0.59375, 0.6, 0.61, 0.59875, 0.6075, 0.63875, 0.60625, 0.62125, 0.62125, 0.62875, 0.60625, 0.615, 0.59875, 0.61875, 0.6175, 0.6225, 0.605, 0.60375, 0.60375, 0.59625, 0.6075, 0.60875, 0.59875, 0.6075, 0.585, 0.6025, 0.605, 0.6, 0.60625, 0.605, 0.57, 0.60125, 0.565, 0.59375, 0.58875, 0.62375, 0.5975, 0.60375, 0.6075, 0.61125, 0.61375, 0.61875, 0.61125, 0.65125, 0.62125, 0.635, 0.615, 0.615, 0.605, 0.6125, 0.61875, 0.615, 0.5925, 0.56125, 0.5825, 0.58125, 0.6025, 0.59875, 0.6025, 0.615, 0.6075, 0.61625, 0.6075, 0.61875, 0.58875, 0.59125, 0.5975, 0.59875, 0.61375, 0.62, 0.62125, 0.61625, 0.6075, 0.5975, 0.63, 0.59875, 0.6075, 0.61625, 0.61875, 0.6225, 0.6175, 0.6225, 0.62375, 0.61625, 0.6225, 0.59, 0.63, 0.62375, 0.6275, 0.605, 0.61125, 0.6075, 0.6325, 0.6125, 0.61875, 0.59625, 0.635, 0.6075, 0.6275, 0.605, 0.625, 0.62, 0.63375, 0.61375, 0.64125, 0.60125, 0.62875, 0.6175, 0.62875, 0.62375, 0.645, 0.62625, 0.6375, 0.64375, 0.62125, 0.61875, 0.6275, 0.62375, 0.60875, 0.605, 0.615, 0.61625, 0.63, 0.615, 0.63125, 0.625, 0.6375, 0.6275, 0.62, 0.63375, 0.59875, 0.6075, 0.61125, 0.62125, 0.62125, 0.625, 0.6025, 0.59875, 0.6025, 0.6, 0.61875, 0.61625, 0.635, 0.61625, 0.6225, 0.6025, 0.60875, 0.6175, 0.625, 0.63, 0.6125, 0.61, 0.6325, 0.63125, 0.64625, 0.6425, 0.63, 0.61625, 0.6275, 0.615, 0.6325, 0.615, 0.6325, 0.60625, 0.615, 0.60625, 0.6175, 0.6, 0.61875, 0.60875, 0.6225, 0.6, 0.60125, 0.61375, 0.61, 0.6125, 0.62, 0.61625, 0.6175, 0.595, 0.6025, 0.605, 0.60625, 0.6075, 0.61625, 0.60375, 0.5975, 0.6075, 0.61, 0.6075, 0.6075, 0.60625, 0.60875, 0.61, 0.62, 0.60125, 0.6025, 0.61125, 0.615, 0.61625, 0.62125, 0.61625, 0.60625, 0.61, 0.62375, 0.63125, 0.6325, 0.62375, 0.625, 0.60375, 0.6, 0.605, 0.61, 0.62375, 0.6175, 0.625, 0.62, 0.62, 0.6175, 0.63, 0.6275, 0.62125, 0.61375, 0.61875, 0.61875, 0.60125, 0.6, 0.61125, 0.6075, 0.6125, 0.61375, 0.63875, 0.615, 0.63625, 0.63375, 0.64125, 0.625, 0.64, 0.6325, 0.6225, 0.6175, 0.625, 0.6175, 0.6325, 0.6175, 0.62125, 0.61125, 0.6375, 0.6175, 0.6225, 0.61875, 0.6275, 0.6125, 0.6, 0.61625, 0.61625, 0.6025, 0.625, 0.6175, 0.625, 0.60625, 0.595, 0.615, 0.63375, 0.6125, 0.63, 0.61, 0.6225, 0.63625, 0.6325, 0.62125, 0.63125, 0.63125, 0.63125, 0.63125, 0.635, 0.64625, 0.63875, 0.62875, 0.62875, 0.62625, 0.61375, 0.62, 0.64125, 0.60375, 0.6225, 0.615, 0.64875, 0.6425, 0.62625, 0.63375, 0.61625, 0.615, 0.63, 0.62125, 0.63375, 0.61875];
x=1:1:601;
