alex_acc=[0.093777776, 0.104444444, 0.18355556, 0.20466666, 0.21066667, 0.21866667, 0.24, 0.26133335, 0.26155555, 0.26955557, 0.2711111, 0.27977777, 0.28844443, 0.29133335, 0.29288888, 0.29711112, 0.30466667, 0.30955556, 0.31444445, 0.31577778, 0.32244444, 0.32244444, 0.32933334, 0.3328889, 0.33622223, 0.3408889, 0.3422222, 0.34666666, 0.34888887, 0.35244444, 0.358, 0.3568889, 0.3611111, 0.36022222, 0.36155555, 0.3657778, 0.36466667, 0.36555555, 0.3657778, 0.36777776, 0.37133333, 0.37377778, 0.37577778, 0.37888888, 0.38111112, 0.38133332, 0.38155556, 0.38577777, 0.38444445, 0.38822222, 0.39266667, 0.39666668, 0.39777777, 0.39955556, 0.39711112, 0.4002222, 0.40066665, 0.40377778, 0.4048889, 0.4068889, 0.41111112, 0.41155556, 0.41177776, 0.41444445, 0.41777778, 0.41733333, 0.42355555, 0.4211111, 0.42333335, 0.42466667, 0.424, 0.424, 0.4311111, 0.4311111, 0.43155557, 0.434, 0.43466666, 0.43822223, 0.43955556, 0.4397778, 0.4391111, 0.44022223, 0.4428889, 0.44511113, 0.4468889, 0.44844446, 0.45155555, 0.448, 0.44977778, 0.45333335, 0.45711112, 0.45733333, 0.45955557, 0.46266666, 0.4631111, 0.46444446, 0.46755555, 0.468, 0.46755555, 0.468, 0.47244444, 0.47377777, 0.47355556, 0.4751111, 0.4768889, 0.4791111, 0.47955555, 0.47933334, 0.48022223, 0.48266667, 0.48266667, 0.48711112, 0.4882222, 0.486, 0.48777777, 0.48644444, 0.492, 0.492, 0.49177778, 0.49555555];
alex_loss=[2.3025935, 2.3025496, 2.167008, 2.0566256, 2.0386891, 2.025217, 2.0049596, 1.9793236, 1.9613478, 1.9464322, 1.9319295, 1.9194427, 1.90816, 1.8983778, 1.8872986, 1.8777795, 1.8676488, 1.8565212, 1.844396, 1.8328451, 1.8205479, 1.8087528, 1.7956172, 1.784605, 1.7762302, 1.7685912, 1.7608845, 1.7534657, 1.7458792, 1.7393744, 1.7351696, 1.731599, 1.724898, 1.7168403, 1.7119123, 1.7084879, 1.7021595, 1.6973122, 1.6912794, 1.68599, 1.6822038, 1.6786146, 1.6712798, 1.6662602, 1.6611165, 1.6573935, 1.6513555, 1.6468947, 1.6420997, 1.6372124, 1.6320575, 1.6287497, 1.6231927, 1.6172936, 1.6136415, 1.6099699, 1.6057893, 1.6015465, 1.5964324, 1.5921725, 1.5884227, 1.5855006, 1.582516, 1.57905, 1.5746896, 1.5728971, 1.5683334, 1.564158, 1.5637938, 1.5598985, 1.5543839, 1.5509614, 1.5482275, 1.5460569, 1.5409074, 1.5365673, 1.5357585, 1.5334842, 1.5307404, 1.5255922, 1.5205584, 1.5209502, 1.5165071, 1.5107342, 1.5095688, 1.5055913, 1.5028712, 1.5042385, 1.498944, 1.4939431, 1.4893044, 1.4847916, 1.4808229, 1.4773357, 1.4756747, 1.468931, 1.4689896, 1.4622741, 1.4621451, 1.457235, 1.4534162, 1.4495751, 1.4464235, 1.4423553, 1.4380999, 1.436976, 1.432187, 1.4268242, 1.423966, 1.4192431, 1.4147027, 1.4110773, 1.4097275, 1.4031651, 1.3991258, 1.3961372, 1.3922303, 1.389991, 1.3855271, 1.380363];
vgg_acc=[0.104444444, 0.104444444, 0.104444444, 0.104444444, 0.104444444, 0.104444444, 0.104444444, 0.104444444, 0.104444444, 0.104444444, 0.104444444, 0.104444444, 0.104444444, 0.104444444, 0.104444444, 0.104444444, 0.104444444, 0.104444444, 0.104444444, 0.104444444, 0.104444444, 0.104444444, 0.104444444, 0.104444444, 0.104444444, 0.104444444, 0.104444444, 0.104444444, 0.104444444, 0.104444444, 0.104444444, 0.104444444, 0.104444444, 0.104444444, 0.104444444, 0.104444444, 0.17755556, 0.19644445, 0.19377778, 0.19888888, 0.20222223, 0.20533334, 0.21177778, 0.21866667, 0.23422222, 0.24177778, 0.24555555, 0.24866667, 0.252, 0.2542222, 0.25822222, 0.26666668, 0.2688889, 0.26755556, 0.2728889, 0.27155554, 0.27066666, 0.27, 0.27755556, 0.28044444, 0.28, 0.28644446, 0.29022223, 0.29155555, 0.29266667, 0.29311112, 0.29422224, 0.29466668, 0.29755557, 0.3008889, 0.3, 0.30355555, 0.30377778, 0.30377778, 0.3051111, 0.3077778, 0.31244445, 0.3128889, 0.31466666, 0.31777778, 0.31955555, 0.32333332, 0.32466668, 0.32377777, 0.32355556, 0.32644445, 0.32577777, 0.32955554, 0.33066666, 0.32933334, 0.32866666, 0.32977778, 0.33177778, 0.3311111, 0.33066666, 0.33, 0.33133334, 0.3311111, 0.33222222, 0.3331111, 0.33355555, 0.33822224, 0.338, 0.3422222, 0.3468889, 0.348, 0.35, 0.35288888, 0.3542222, 0.3571111, 0.3571111, 0.35777777, 0.35844445, 0.36177778, 0.36, 0.36422223, 0.36533332, 0.368, 0.3657778, 0.36777776];
vgg_loss=[2.302411, 2.3024387, 2.302433, 2.3024178, 2.302442, 2.3024552, 2.3024373, 2.3024507, 2.3024576, 2.3024592, 2.3024628, 2.3024623, 2.3024592, 2.3024702, 2.3024619, 2.3024523, 2.3024454, 2.3024604, 2.3024561, 2.3024673, 2.3024702, 2.302467, 2.3024697, 2.3024693, 2.3024716, 2.3024743, 2.3024735, 2.3024828, 2.3024783, 2.3024807, 2.302465, 2.3024757, 2.3024762, 2.3024814, 2.3024418, 2.3024774, 2.142641, 2.1074588, 2.08675, 2.0707088, 2.0566423, 2.0459187, 2.037774, 2.0301194, 2.0186086, 2.005589, 1.9921285, 1.9823507, 1.9748384, 1.967374, 1.9619011, 1.9574323, 1.9525846, 1.9486033, 1.942342, 1.9402496, 1.9357344, 1.9360703, 1.9306651, 1.9281764, 1.9238993, 1.9181367, 1.9206222, 1.9120821, 1.9062579, 1.9028212, 1.9021128, 1.8970367, 1.896123, 1.8912331, 1.8920552, 1.8808945, 1.8798711, 1.8801285, 1.8742192, 1.8698744, 1.862279, 1.864434, 1.8555669, 1.8524457, 1.849885, 1.8449792, 1.8434315, 1.8380655, 1.8364102, 1.8393865, 1.8356463, 1.8286706, 1.8199408, 1.8209077, 1.8157313, 1.8142487, 1.8099899, 1.8068947, 1.8109816, 1.8000903, 1.8029139, 1.7974653, 1.7938566, 1.7893997, 1.7923131, 1.7794383, 1.7770567, 1.7704039, 1.7638638, 1.7551877, 1.748801, 1.742823, 1.7376717, 1.734001, 1.7278314, 1.7239052, 1.7204053, 1.7168106, 1.7125819, 1.7089994, 1.7047565, 1.7018392, 1.6985679, 1.6949276];
simple_acc=[0.16955556, 0.20688888, 0.22755556, 0.25155556, 0.2588889, 0.26422223, 0.27022222, 0.2828889, 0.29155555, 0.30444443, 0.312, 0.32244444, 0.32355556, 0.32822222, 0.33533335, 0.34111112, 0.348, 0.34933335, 0.3548889, 0.36222222, 0.368, 0.37377778, 0.37955555, 0.38466668, 0.38355556, 0.39, 0.39555556, 0.4002222, 0.40333334, 0.40555555, 0.40733334, 0.41088888, 0.412, 0.414, 0.41777778, 0.42222223, 0.42511111, 0.4288889, 0.43422222, 0.44044444, 0.44266668, 0.4468889, 0.4448889, 0.45133334, 0.456, 0.45911112, 0.46244445, 0.46666667, 0.466, 0.47088888, 0.47088888, 0.47333333, 0.47644445, 0.47866666, 0.47933334, 0.48333332, 0.48644444, 0.48711112, 0.48977777, 0.4928889, 0.4928889, 0.49733335, 0.502, 0.5044444, 0.5051111, 0.50755554, 0.50733334, 0.51244444, 0.51044446, 0.5086667, 0.5148889, 0.518, 0.52, 0.5224444, 0.5242222, 0.5273333, 0.5268889, 0.52977777, 0.53488886, 0.5382222, 0.53955555, 0.53866667, 0.54444444, 0.54466665, 0.54822224, 0.5506667, 0.5548889, 0.5548889, 0.558, 0.5611111, 0.5602222, 0.56644446, 0.566, 0.56733334, 0.5693333, 0.5737778, 0.5731111, 0.5784444, 0.582, 0.5795556, 0.58466667, 0.5882222, 0.5882222, 0.58622223, 0.592, 0.594, 0.5962222, 0.5977778, 0.60022223, 0.6017778, 0.60422224, 0.608, 0.61266667, 0.6115556, 0.6111111, 0.6168889, 0.61822224, 0.6217778, 0.62355554, 0.62266666];
