textid,anger,disgust,fear,joy,sad,surprise
1,0.1317900707014323,0.16718799878775778,0.1055099118010445,0.12479793294977866,0.2280757059331617,0.24263837982682498
2,0.09474718700731552,0.10719558893567094,0.10780401437250674,0.22478651798348112,0.20182177806540952,0.2636449136356161
3,0.014360767008449037,0.0,0.05148534804553539,0.41683721327642137,0.1927975778034571,0.324519093866137
4,0.09894549985987626,0.06801802148603539,0.11121373951259636,0.30867118818872685,0.12149245098141317,0.29165909997135187
5,0.08562372819974974,0.07082067028826451,0.08743337237546563,0.18181645728707768,0.24795459520909918,0.3263511766403433
6,0.0962902453962075,0.05231081033317964,0.2227974492757495,0.02805829161885491,0.4547911307331568,0.14575207264285164
7,0.000853365921930773,0.0005391210730635274,0.09516341677694919,0.438746540910659,0.00484668235878131,0.4598508729586161
8,0.1262335684116744,0.03290883800453495,0.324203519427322,0.05730566006607308,0.3667910895578504,0.09255732453254523
9,0.052216715005682035,0.1794288569775197,0.02995976367343872,0.10977872807092624,0.03888108632654158,0.5897348499458916
10,0.1135095338808123,0.09966233257975891,0.1547936795757613,0.2579546441228858,0.12406636698375129,0.2500134428570304
11,0.10100695689121403,0.04515982258516036,0.24971287970476247,0.26292185264578793,0.21873617710017554,0.12246231107289965
12,0.07740238376237366,0.029853370259054532,0.15885903799916495,0.322290088703748,0.11023767617174017,0.3013574431039187
13,0.13187914880461568,0.08561549983131919,0.27630067533014846,0.18110444282648025,0.1489858652028694,0.17611436800456698
14,0.12505756072660318,0.10109666684111962,0.14603882167772994,0.25151317888711705,0.1902453522464729,0.1860484196209573
15,0.14661040647635565,0.10890589580942503,0.3412688965070344,0.11331012512739198,0.18821591804403343,0.10168875803575946
16,0.1487118256626553,0.13183578939390192,0.24390261249224862,0.16514519130164396,0.1269731827197241,0.18343139842982614
17,0.03717348460015758,0.07214149247088567,0.08262086970521919,0.4947718589011656,0.11090672160774183,0.20238557271483004
18,0.0794974243400916,0.025801092117060727,0.12969616215730284,0.04351928364352446,0.330801856236964,0.39068418150505635
19,0.04919249438159781,0.017266063095672843,0.12569141506045725,0.2907529004039472,0.18140213092524396,0.33569499613308096
20,0.13787963244891824,0.09222493478444974,0.2367330143718851,0.2558287001460977,0.12610310113132728,0.15123061711732197
21,0.12874686165631327,0.042941240777520685,0.15679348847873129,0.37389258420301585,0.12906777053683505,0.16855805434758378
22,0.061862295569992544,0.07004514933767966,0.08003572542253647,0.3136976095809185,0.11264434817983239,0.36171487190904034
23,0.13335138856778384,0.05378311212994955,0.20617576910838314,0.16010727923337176,0.28590555375802956,0.16067689720248193
24,0.11584870977079244,0.0017116002605175823,0.06199554279800549,0.004664420943318602,0.12410573175065004,0.6916739944767158
25,0.08237308061776653,0.06379124554690638,0.18592724753595827,0.37022439941661744,0.1358606919119178,0.1618233349708336
26,0.026436630556499603,0.02978572478475533,0.11167011027094383,0.30068004693005557,0.28863028941149077,0.24279719804625496
27,0.09474880960079121,0.037383515520829455,0.14037089337067482,0.32064933400653417,0.13254737288212062,0.2743000746190497
28,0.03651652952917357,0.03875114530965807,0.14863988757498306,0.23010060656268336,0.12650695748528706,0.4194848735382149
29,0.14329582217856918,0.09534622884373599,0.23126639214496084,0.1661622429532731,0.1877928146720715,0.17613649920738944
30,0.10801180356021022,0.09789341561541279,0.23515978763559714,0.2350492954748772,0.1399880063096384,0.18389769140426415
31,0.020736811279537956,0.032486026460017144,0.06588234195516435,0.4977246022273091,0.10143516201538172,0.28173505606258975
32,0.10352573074211875,0.07104771924850938,0.23856907674438763,0.24486355120118475,0.15922532058092598,0.18276860148287366
33,0.06252685659580376,0.050619635042775474,0.0944551013786779,0.3092848489893203,0.19910752281418523,0.2840060351792372
34,0.05417765634966922,0.023295573452524792,0.16561679850476949,0.46110042907291493,0.1327799551045233,0.16302958751559812
35,0.023673395558271994,0.04066478951591617,0.08959497217121026,0.5286744589944286,0.09945545896221963,0.2179369247979534
36,0.0742484449159577,0.012368106474830786,0.05880999139619645,0.519921293626772,0.2040762156874195,0.13057594789882365
37,0.06877368049368797,0.0236364773197013,0.2684379635385004,0.15789114815788044,0.1805685433232843,0.3006921871669457
38,0.08568732816399069,0.1198674493081782,0.19749141860652752,0.20035885768340447,0.10118114157556761,0.2954138046623314
39,0.1973695222417442,0.11770548945376762,0.1383789629868204,0.17718541821200764,0.10710401001847655,0.26225659708718374
40,0.12659734479461826,0.0802969707377724,0.28876563913682995,0.16916913259310376,0.1741187258531442,0.16105218688453152
41,0.034799404770167054,0.020758453588889735,0.1488760338465917,0.42912960663572325,0.1569080286919745,0.20952847246665382
42,0.10677608368963283,0.06570048174934558,0.3093336525434037,0.17753770847283581,0.13542056012386486,0.20523151342091714
43,0.03356021908464596,0.04845367797672604,0.0892510051804345,0.3525522874169011,0.1506455132062507,0.32553729713504176
44,0.17257385193374503,0.18444072017803967,0.1309152529953446,0.14354483796229825,0.20079827756116816,0.16772705936940432
45,0.04286218470180745,0.033784414367314886,0.12008658131427322,0.43331543703629755,0.1585714521748468,0.21137993040546013
46,0.06861479901554461,0.0395744618386861,0.08332840275418212,0.38973114461372216,0.08721611243537176,0.33153507934249327
47,0.07189604226242995,0.08481974566142386,0.09516928803054532,0.3084880289931983,0.13860075866814092,0.3010261363842615
48,0.0028587651042456504,0.01247915002474659,0.014293825521228255,0.5841402727496103,0.03452955989100816,0.351698426709161
49,0.12794758186475938,0.08853733131910836,0.22374783103929136,0.12064414515887395,0.3258168625999383,0.11330624801802884
50,0.11041074512699757,0.06403066730310966,0.19426019737172978,0.355110185452993,0.14149640694331808,0.13469179780185195
51,0.1263225246561335,0.06689514293057003,0.10476065381794493,0.34523384128197115,0.11159579732735349,0.2451920399860269
52,0.06025075980006768,0.01751984955685157,0.1944970247180549,0.4022153718929369,0.10734219639081896,0.21817479764127007
53,0.0004908052813028895,0.18737600398757204,0.0016518397439267741,0.15324604242705436,0.0011845808181664556,0.6560507277419776
54,0.07939589539634002,0.03336962754849132,0.08012517070725791,0.3796986171074264,0.06115055079503941,0.36626013844544486
55,0.036333210166021805,0.016405703757634862,0.10943849478998495,0.42119284327318485,0.2810565913889854,0.1355731566241882
56,0.05289645053364274,0.10241395304329005,0.023406835702613666,0.29448081218486044,0.2017266096432215,0.3250753388923715
57,0.14062674291502575,0.10974097867246589,0.16792989753683898,0.19645171632843741,0.18671128055971078,0.19853938398752122
58,0.06817338617438003,0.06422128127055715,0.11345359742949204,0.31496635574501725,0.16240100022273393,0.2767843791578198
59,0.060248230948391296,0.0324604515004751,0.15250627235772035,0.24427134103805756,0.19014138410533427,0.32037232005002136
60,0.1371005632658002,0.12452094681009934,0.17565444357194887,0.1496079772888596,0.18869280407470623,0.2244232649885858
61,0.09556318243346923,0.06571702894008945,0.15429578147540704,0.35232335258858544,0.1308200782013416,0.20128057636110716
62,0.024161581086988602,0.006830575102813205,0.1743306982843866,0.4191009019380714,0.15639249609173633,0.2191837474960037
63,0.03665552848112564,0.04414305231820148,0.024259637741057372,0.5257535805226451,0.09379332201158021,0.27539487892539005
64,0.13831721318064089,0.08103254483076398,0.28585609785232274,0.16184787064573797,0.08742934086301868,0.24551693262751562
65,0.11972259068413568,0.09463907262394433,0.14002327329300018,0.1337551036271105,0.22450690001610685,0.2873530597557024
66,0.06639463383788198,0.03614722256337842,0.28149396290195977,0.3081780028411821,0.17444124758190319,0.13334493027369462
67,0.018846893356457492,0.0534304273353743,0.025088450767395076,0.5198106359251349,0.09887271705133681,0.2839508755643015
68,0.03197381024464648,0.028935462947737155,0.1737902983829306,0.3366936614888758,0.06071845245019347,0.3678883144856166
69,0.055903409132409536,0.025643722082294904,0.1880238472183039,0.2069698533764569,0.33012055188962613,0.19333861630090848
70,0.05175641755363202,0.04378779913014783,0.10240079945342973,0.32711329042671927,0.10376608465330601,0.3711756087827651
71,0.09573489767967934,0.07320533016771788,0.14551911347564644,0.30991813433527976,0.1501834512907962,0.22543907305088043
72,0.16529015094223146,0.10910984454811949,0.04945344812202208,0.34100751056764533,0.1469231364357199,0.18821590938426178
73,0.11912292718634229,0.07474425047220229,0.29319132855681507,0.031569523665842335,0.37998657150209725,0.10138539861670072
74,0.0648751473480511,0.033134827892827554,0.16346861981955718,0.28419501092818056,0.27932202083432983,0.17500437317705386
75,0.23142539857582992,0.047674992812395574,0.33598608692009957,0.05976865987018459,0.21812230447099146,0.10702255735049883
76,0.08269267453111026,0.0676730316521407,0.12140950233495418,0.2406782374765453,0.1995656376345877,0.28798091637066203
77,0.02845413511486142,0.01719252354097812,0.12165281064412106,0.42535727473099244,0.23293308033720583,0.17441017563184114
78,0.021809465612371896,0.013747854115967366,0.06952190630019402,0.7016607503798115,0.048190702830171996,0.14506932076148335
79,0.07982211070049894,0.07138342168209644,0.1340543740614287,0.33374698698736543,0.19087372741930983,0.19011937914930063
80,0.06496487614578769,0.03875949393654797,0.11263065564559266,0.27649581118701017,0.3134686297746268,0.19368053331043475
81,0.1654170099466245,0.0980586574915472,0.1923375885406023,0.170771771132887,0.23149627360918446,0.1419186992791546
82,0.10782655749373467,0.026186846942349476,0.1697337441266009,0.2317916595792133,0.2774026517195986,0.18705854013850312
83,0.10262810036707001,0.018018850805785157,0.14471140506723548,0.37954778372160997,0.08153386112220656,0.2735599989160928
84,0.13296092407270985,0.06531028849138565,0.19243322654906272,0.07490065353116532,0.27373611537321946,0.26065879198245695
85,0.03716730943891014,0.08459794868699708,0.3870566016897218,0.0012826774828807834,0.1740416060839376,0.31585385661755255
86,0.0031753504789010165,0.0004652012632927937,0.6419253334637639,0.016115446318148027,0.004511180568399249,0.333807487907495
87,0.23197801884586602,0.07946073530806963,0.2702948561950112,0.03234323757606951,0.33977872840424955,0.04614442367073413
88,0.06086138382934136,0.04772239644745462,0.08146173681130024,0.3843486502307638,0.0880898236351114,0.3375160090460286
89,0.0675051740874779,0.04654991950421873,0.116611826465612,0.33470964821409416,0.21602322302754434,0.21860020870105293
90,0.04778813473412793,0.03888168404507292,0.1090499096407381,0.4019826421330694,0.2802463949938241,0.12205123445316754
91,0.029187298433819325,0.024407302866112066,0.05821040254549904,0.5504899760075108,0.05887915818011118,0.27882586196694764
92,0.17255758276067878,0.11179425702164457,0.33387071330324775,0.06241768593558005,0.2803139555185343,0.03904580546031449
93,0.1358604440663187,0.0865387943978542,0.164632613249209,0.28996107257912124,0.14120927822703966,0.1817977974804572
94,0.1120919804596144,0.0588022532584379,0.24097784854984478,0.25693161185300567,0.0916000673058299,0.23959623857326728
95,0.04654268215204219,0.032974793679968716,0.2161897458578539,0.24293472918367334,0.22507953485831503,0.23627851426814686
96,0.049529800951942274,0.060800309922011506,0.15649430169632936,0.32250839130524556,0.23109796350305264,0.17956923262141863
97,0.018378124047635853,0.021719504544560814,0.10605332151548603,0.5762716310703528,0.062037381623289006,0.2155400371986754
98,0.07397897091579504,0.047046406546634764,0.13756867492702443,0.21729996612587701,0.40272112374074187,0.12138485774392699
99,0.018946683977628397,0.014718874432919563,0.08219786913008761,0.40774803897744427,0.03345785446258612,0.44293067901933403
100,0.026032640619093307,0.021284001764079057,0.034112948197570214,0.6644336870414405,0.04070369578850116,0.21343302658931582
101,0.09412668082798978,0.012426025240381486,0.20600936652676655,0.263080709179692,0.28081616941116144,0.14354104881400875
102,0.022450236184268293,0.012849332002319608,0.015568783290271731,0.6032254134805974,0.05697299871704124,0.2889332363255017
103,0.12225388636762635,0.06878619669370557,0.18888845444498556,0.03401624715020828,0.41675289507691127,0.169302320266563
104,0.06866492758263948,0.028505738300551232,0.11541534585601713,0.4035232862704673,0.14565135377846922,0.23823934821185563
105,0.13793477689756634,0.10006955568055897,0.35268540148400246,0.14897783660034333,0.17665828900410405,0.08367414033342475
106,0.12816491373688363,0.08755864073061206,0.16595743301522795,0.10449672533901963,0.3875204002014488,0.12630188697680783
107,0.13421902013962655,0.06704610490883814,0.22905436891001332,0.22717241189651954,0.21260471192948402,0.12990338221551845
108,0.09168234479192254,0.03892732798162756,0.11607398399507686,0.2833071735651993,0.07152967442198123,0.3984794952441925
109,0.028575663316438092,0.017265953165813506,0.09585158142110195,0.5761202947919742,0.11544690578325005,0.16673960152142228
110,0.019179616374897013,0.0,0.1586469474958517,0.4581204176954537,0.19162902309769425,0.17242399533610342
111,0.08735692238173044,0.11610139589585111,0.12367855453486686,0.25307739150806924,0.16085049127232223,0.25893524440716004
112,0.13890841075604773,0.10479592977603969,0.17393472106656563,0.18968356079912116,0.23482597503181674,0.15785140257040914
113,0.025672283657682565,0.03258383727441034,0.19730523612662937,0.27223385239204706,0.18244896253767526,0.28975582801155547
114,0.2103556292058642,0.0800863120980765,0.31930354656690757,0.04718669981431007,0.27419845092990125,0.06886936138494035
115,0.13756868390227203,0.08245449547621825,0.38674363296651865,0.10803170602904487,0.17233545413532123,0.11286602749062505
116,0.039764734657690246,0.02388383021738468,0.09911226976870406,0.4191404397355196,0.13267185576037052,0.28542686986033083
117,0.08545564241638415,0.04455018245073794,0.19606577517300053,0.35432972810304175,0.15952022586797074,0.16007844598886484
118,0.06672972668091412,0.032632913833845055,0.2094463175448355,0.22315766456742672,0.12315911712482629,0.3448742602481523
119,0.1777167180271955,0.04949683840451422,0.10478945415850101,0.19143557351068238,0.128943914392162,0.34761750150694487
120,0.03938597046727464,0.029991964391447634,0.37408663239164236,0.08580349550172338,0.22568779878841186,0.24504413845950002
121,0.02558854601586484,0.014012406120972773,0.09459445098693901,0.42158339294725256,0.04500613810376621,0.3992150658252046
122,0.04702745871021631,0.03550131398723082,0.14832707246089735,0.3087031869883994,0.13298474211558847,0.32745622573766753
123,0.04920658355298802,0.009276906632521113,0.12313254190942542,0.5174162081648096,0.13240561904087028,0.16856214069938552
124,0.03398281118896949,0.01797075855737213,0.1906120114835347,0.4129351322824249,0.2120938339343991,0.13240545255329977
125,0.07522939758854984,0.0876688730629139,0.09612043636741906,0.31621999729865125,0.15253748468530218,0.2722238109971638
126,0.07400721903577234,0.11219383108374442,0.12455189725053217,0.3215475542481866,0.19494582285430628,0.17275367552745824
127,0.08411992256766052,0.04346446904246613,0.10510466171085896,0.288723881946062,0.20231302837875026,0.27627403635420206
128,0.1342977888244893,0.048443103297838803,0.33604303164252575,0.09381500740515279,0.12749546421307448,0.25990560461691886
129,0.1849053635866406,0.0713875330490288,0.2571205263976446,0.2266820218727285,0.1275424330157145,0.13236212207824288
130,0.03414828834559275,0.004216933112593276,0.14326132945453077,0.33806431194543574,0.11815632003628378,0.36215281710556363
131,0.05727557798662725,0.04148710675847059,0.06759638678712854,0.46730363604671404,0.12717597607113984,0.2391613163499197
132,0.02837990107251241,0.017147669936555587,0.09519493452352928,0.5721680242194409,0.11465601791898111,0.17245345232898068
133,0.20065820751787156,0.08262879019627672,0.2929335513242405,0.07680623841666616,0.30840196099082257,0.03857125155412254
134,0.0905612079241501,0.06527194707431018,0.24315926340457117,0.01525744737695481,0.4051401285844249,0.18061000563558882
135,0.015725883474974018,0.0022607709206117193,0.17752686838921064,0.4785558089775598,0.11289131254515139,0.21303935569249247
136,0.04806094239647536,0.06081855022455714,0.173426205555752,0.33132106921086696,0.16033400056569289,0.22603923204665555
137,0.1231258087175672,0.13939908972145032,0.17756146821710733,0.13489385690641265,0.12422959707820577,0.3007901793592568
138,0.0801385945352113,0.0414148480696209,0.1417001028600236,0.2232639917284627,0.19031631050582296,0.32316615230085843
139,0.11915366933364507,0.05899211349613698,0.17722248814024802,0.28784151682742526,0.19655741734198715,0.16023279486055744
140,0.11914529114043591,0.05856182515000718,0.1510621362951082,0.2847965302460174,0.13834729261228243,0.24808692455614886
141,0.0459598252486559,0.06809983776628337,0.08109863411035648,0.47948926726129115,0.13886300626693804,0.18648942934647494
142,0.09377944604958574,0.017058903571063613,0.07722507190587094,0.21162757480043035,0.4270823301405773,0.17322667353247215
143,0.014219439126361562,0.03992227845573271,0.0717698668343453,0.5223904500473786,0.09719947594202757,0.25449848959415433
144,0.11049943060890204,0.035464945533744324,0.14318605774200796,0.25159877382322293,0.266520259181168,0.19273053311095484
145,0.08929278561362497,0.0688615742753054,0.25123459173830825,0.02437647513680084,0.3148560144174875,0.251378558818473
146,0.1013817941660114,0.07665629217666586,0.13356143868939577,0.26186528645552765,0.21825241255231967,0.2082827759600796
147,0.05304115825321735,0.09401981826213844,0.21607481421178296,0.18480940088281464,0.11118918804405911,0.3408656203459875
148,0.03069998318722496,0.030418346978002275,0.20934773373143473,0.22742183149070916,0.2709035942076582,0.23120851040497065
149,0.049979470381615085,0.04321504144237117,0.23355160422761476,0.17699631463195037,0.20084722146878867,0.29541034784766007
150,0.01196661327835271,0.0185205662219136,0.17133959906203014,0.10797733200067182,0.514903819937547,0.17529206949948475
151,0.06483166133476581,0.03862925988067087,0.21802894209132032,0.26631112047546845,0.22660238394520424,0.18559663227257028
152,0.07982211070049894,0.07138342168209644,0.1340543740614287,0.33374698698736543,0.19087372741930983,0.19011937914930063
153,0.053660626753483154,0.0175908438986759,0.23587605583811044,0.4082754703716839,0.11685535260998427,0.16774165052806236
154,0.025489993056601084,0.05748379543478176,0.07303928103923035,0.3726452425966681,0.060879616364001056,0.4104620715087176
155,0.04748330163076185,0.06082666196869258,0.0875667098894668,0.32404787200938684,0.1349592529044877,0.3451162015972042
156,0.06793534339939115,0.05320566292292229,0.18296073609153812,0.2535331816915984,0.14677443733381826,0.29559063856073176
157,0.05196725803856805,0.02591767652546259,0.2116370245406915,0.3313071041039449,0.08219647663975722,0.29697446015157564
158,0.13989689388537105,0.06692025309202682,0.11974644889243104,0.22317607446291954,0.14464980089816837,0.3056105287690833
159,0.0720544096973802,0.013760718851308012,0.10541564887974283,0.41053784370069474,0.12431162472098842,0.2739197541498858
160,0.04762163873500514,0.02466846809979787,0.24163125918573583,0.26253684804157923,0.22076345153264007,0.20277833440524173
161,0.06191263833168781,0.033571458194371094,0.21278657696407682,0.3365582099582113,0.22056275312285958,0.13460836342879345
162,0.16385302301416574,0.12334475790709364,0.175137361616679,0.08963991802519058,0.24276624259477125,0.20525869684209988
163,0.19430285986831944,0.13039625886598452,0.14940817292407077,0.11856181210523913,0.18924563294243527,0.2180852632939509
164,0.12727383452721783,0.1315868336255226,0.23744751288334698,0.1952643569911814,0.25271813961460127,0.05570932235812989
165,0.1188907067419869,0.1206830247015033,0.21484614168836094,0.13710646037171859,0.18990616679914743,0.21856749969728292
166,0.07483517996020374,0.05839727784597113,0.14518644561733704,0.2657615044562037,0.24034120235851733,0.21547838976176711
167,0.1516806545955385,0.07758975908378278,0.22589279372456017,0.13644562123305037,0.22998085836257098,0.1784103130004971
168,0.066956893652094,0.046107609347338555,0.1781356948008776,0.3064251649064458,0.19584156936479769,0.20653306792844642
169,0.14850255326007514,0.06681546453730829,0.1488928983946397,0.20500755602154494,0.25137263719357517,0.17940889059285683
170,0.027385823373000412,0.012423905350780206,0.0528757450948042,0.5471572860543574,0.20469642231433513,0.15546081781272253
171,0.12475360731321732,0.06925582852717352,0.22459197269130396,0.1817937067962279,0.2130901029839575,0.1865147816881197
172,0.12558419677059807,0.05809125397155292,0.09551359878919648,0.295301329353395,0.1424987032553912,0.2830109178598663
173,0.06905492055180787,0.037171133953783415,0.2971711590924725,0.23921103108211003,0.2307194690336591,0.12667228628616706
174,0.033098667095394,0.015569278135679685,0.14468070990063148,0.3929409927466253,0.14876423073660397,0.2649461213850655
175,0.07112703150132689,0.01140361981370289,0.26127163946341625,0.06410944208609823,0.4598838664360231,0.1322044006994327
176,0.08514347092978919,0.08695656319860032,0.1286614042203926,0.2277445466000122,0.205383108098723,0.2661109069524827
177,0.0627950515686967,0.042327752471628205,0.24092956575117078,0.3054225569354045,0.21444912669558372,0.13407594657751595
178,0.17442965581699332,0.053825042371739414,0.2589610986258043,0.2352865425513931,0.09186664995713635,0.18563101067693344
179,0.10530048169621199,0.023314434558951477,0.14525575298375068,0.3036061145203368,0.17578567801988676,0.2467375382208623
180,0.06674819159920907,0.11263282485384606,0.21109009067987675,0.13642801487078582,0.1894402702585084,0.2836606077377738
181,0.04152052556712371,0.023320936366706294,0.4319220840402391,0.16968478713424914,0.22781255007959658,0.10573911681208523
182,0.06080387686324073,0.054875132813402464,0.08817624637789005,0.15414765480745812,0.23993201140556172,0.40206507773244693
183,0.08573328578318609,0.039647041888296174,0.1766754459171559,0.33687925012457404,0.23959994891979156,0.12146502736699635
184,0.048377777777777776,0.03607777777777778,0.1251888888888889,0.4864333333333334,0.14923333333333333,0.1546888888888889
185,0.04325620382289828,0.04761753372115258,0.06852265128298725,0.3331911091034329,0.17159333412092928,0.3358191679485998
186,0.05159755964202391,0.028589065583843203,0.12275801428957606,0.4953489241166185,0.1201321564564619,0.18157427991147643
187,0.008793235411172596,0.003067693553254784,0.024805121272306926,0.5946136685300104,0.039855787712071294,0.328864493521184
188,0.09981581543192679,0.10240172982496656,0.1163399545281244,0.33331254458644105,0.14287199676874596,0.20525795885979525
189,0.012544944590095466,0.0,0.015519320741152675,0.5952870798993771,0.06958573821916096,0.3070629165502138
190,0.048377777777777776,0.03607777777777778,0.1251888888888889,0.4864333333333334,0.14923333333333333,0.1546888888888889
191,0.12443841297259342,0.015378231325084,0.28247417710007616,0.15512932425021286,0.2010810485049895,0.22149880584704412
192,0.16271271744167348,0.08392388727143486,0.13715382102309046,0.23659386437743804,0.13564386657965896,0.24397184330670407
193,0.06993161094198129,0.04146370994717517,0.18602340795344094,0.1911409416640612,0.08989088088327155,0.4215494486100699
194,0.07525191946614902,0.05992120628141288,0.1705299462430555,0.19427264378765974,0.21453927075451878,0.28548501346720395
195,0.14928698310651137,0.046943512982722306,0.24135571036205053,0.2792900891062457,0.1076894672770572,0.17543423716541295
196,0.15817711539089724,0.08305171763797664,0.171242732353709,0.064529813568096,0.2587231507190314,0.26427547033028986
197,0.08016936777671797,0.01810620737607027,0.33379057402626205,0.037700094705788514,0.436178529090012,0.09405522702514921
198,0.06239968888217189,0.042990392088731705,0.13637081370351134,0.23479790768934636,0.31713367893445366,0.20630751870178504
199,0.09304976257718939,0.08059159106468486,0.3739437088227293,0.046818336410153975,0.2546896770575424,0.1509069240677
200,0.18045046645000534,0.12502039058536663,0.26583653455084816,0.031905401425528584,0.33662674476246884,0.06016046222578249
201,0.060273469636208596,0.01669955547073266,0.06553895629761376,0.48986801069137154,0.06332427609623864,0.30429573180783487
202,0.05274636511208632,0.002476483329046878,0.24456083366776393,0.09251348239432411,0.22073748589415512,0.3869653496026237
203,0.1049267233422887,0.048228514121102045,0.1784067148594678,0.2172043362129022,0.1555112688745843,0.29572244258965497
204,0.02882465146412617,0.017416396487083742,0.10904636064142932,0.44078024261598125,0.1164528285822759,0.2874795202091036
205,0.04013796722300329,0.03478453637863151,0.1849710082894562,0.34486011086556084,0.11389065248858886,0.2813557247547594
206,0.02699196158495052,0.02265436283694438,0.11210395444874877,0.3473431106311557,0.20122107366925587,0.2896855368289447
207,0.09435647251049062,0.05732084686318744,0.26822645294358405,0.21377744923636577,0.14965520906295063,0.2166635693834216
208,0.15243964545012886,0.05160651179724455,0.06925480518970038,0.3513847550625002,0.07764214589314165,0.29767213660728437
209,0.049745470519713585,0.016802630401131335,0.18595702839085781,0.458588559797932,0.10618747356908514,0.1827188373212803
210,0.19411557337297428,0.06167732865681222,0.26662137876202224,0.18955893483154224,0.13134203593324778,0.15668474844340113
211,0.18681472216671413,0.0706880511571511,0.26980794874858594,0.1871358747699751,0.16721519052053618,0.11833821263703763
212,0.16919806378755167,0.11174009022168828,0.22330232675468353,0.2064598195372443,0.16796758628758343,0.12133211341124882
213,0.07052371081324844,0.07104839756640006,0.3547688581145772,0.09130532452767444,0.24872428679430658,0.1636294221837934
214,0.08350144258320165,0.07685582341950077,0.13501114979118703,0.3237315981370689,0.23226261413471508,0.1486373719343264
215,0.034033962601070174,0.019587405613623328,0.06990143931831085,0.40896121323887424,0.232084812196473,0.23543116703164832
216,0.09842202603275611,0.01619690083287703,0.08636499594608361,0.25032579632313995,0.1619173288293773,0.38677295203576606
217,0.07418052461442688,0.05655560102237686,0.20091123540508946,0.24641076599266312,0.22565916707608946,0.19628270588935431
218,0.009597213530591325,0.17194588236852087,0.010433777910415977,0.314877114478773,0.044791500383543216,0.44835451132815557
219,0.13393450424126885,0.05623210584455478,0.1759371002992713,0.21408470588565956,0.2646588813964196,0.15515270233282594
220,0.03557141512891709,0.020083306049760746,0.11008714408212253,0.5646881000237571,0.13034112088247507,0.13922891383296748
221,0.1077156720719316,0.06539249444247121,0.07386171853385184,0.413079798415242,0.13774473532655535,0.2022055812099479
222,0.014599606566746706,0.05765483893294655,0.11385742841144839,0.3875683382480275,0.04877289367310291,0.37754689416772796
223,0.04263516704414875,0.038459253022328034,0.24879607110130797,0.12024633041485096,0.22614682997205546,0.3237163484453089
224,0.08600582033008358,0.053490333837398395,0.08338856039756633,0.32723581815412917,0.1791236515878781,0.27075581569294455
225,0.022032759516737895,0.016105368431472027,0.4413470477889426,0.08900703233891576,0.2668607388252844,0.16464705309864752
226,0.14704569191116032,0.04468253976219759,0.12121244449887035,0.2119878960738879,0.1939642653066587,0.28110716244722517
227,0.1502323455932661,0.08419654124667551,0.143336642337809,0.29510683114351083,0.11588880844621248,0.21123883123252615
228,0.0031753504789010165,0.0004652012632927937,0.6419253334637639,0.016115446318148027,0.004511180568399249,0.333807487907495
229,0.025821071543167803,0.014239622901738016,0.08008757617133175,0.6410463431102887,0.030378246681485803,0.2084271395919878
230,0.033917663420447955,0.0034664167190583024,0.10274854193159255,0.2767338939304405,0.37975555103668107,0.20337793296177958
231,0.11870438392281314,0.042813014799818555,0.2293705699031354,0.23338353274415885,0.13486340830697385,0.24086509032310005
232,0.04013459427603841,0.07068218103533645,0.120803761016348,0.2905335004124618,0.12770783398377683,0.35013812927603855
233,0.06286042913842237,0.0066032875042842665,0.1551379362246839,0.3457739883478194,0.10912013357954155,0.3205042252052485
234,0.048377777777777776,0.03607777777777778,0.1251888888888889,0.4864333333333334,0.14923333333333333,0.1546888888888889
235,0.13552870682386728,0.07211445905746555,0.2736420690399844,0.0992316046812725,0.21995652508753957,0.1995266353098707
236,0.16087487013850993,0.07612187141668336,0.23149525929898598,0.21684319244523492,0.15149442861171916,0.16317037808886678
237,0.12960879878721723,0.1061094165025364,0.21174409515586368,0.05963675439845742,0.310384919605649,0.1825160155502763
238,0.1276748041794621,0.15834565281722948,0.18292839634044397,0.16359612629872336,0.2192188561264913,0.14823616423764968
239,0.02910538861045182,0.016067348524664668,0.09489886423160909,0.496656233973005,0.05213015963754833,0.31114200502272116
240,0.13030739433609845,0.02722118295644593,0.2715539334459947,0.23759330709350907,0.16006509800642665,0.1732590841615252
241,0.1322418534853277,0.05440142254231169,0.15860533415345335,0.24767068260249397,0.10813550311168209,0.29894520410473124
242,0.0632457019357489,0.039712157801335836,0.10276475512080338,0.4793343868611864,0.11427565659060279,0.20066734169032271
243,0.287787581107834,0.08906303222592969,0.18792043706190564,0.07107104472977549,0.20322528744441737,0.16093261743013784
244,0.06209941118961025,0.04691730764599231,0.19917116160382708,0.3361983237905991,0.15255197822669075,0.20306181754328056
245,0.15782126902020127,0.18433427688282503,0.18517412906303554,0.142448829711264,0.14974856193998318,0.18047293338269094
246,0.07648070607806966,0.11404828553305749,0.1087222246218866,0.2696638398842148,0.2212874056595345,0.20979753822323707
247,0.027843714972240204,0.016823696211328548,0.09631704892302574,0.5719866447998974,0.12123629338346961,0.16579260171003846
248,0.070660052344724,0.04218588276852303,0.094694666203464,0.3503650452017783,0.08456568492772776,0.35752866855378296
249,0.1222109337391147,0.11515190981929228,0.0910303348924468,0.3255872504273015,0.0772433236416126,0.2687762474802322
250,0.008545794846034545,0.052532534517335625,0.10382379413015877,0.3438028901041175,0.11792771840519314,0.3733672679971606
251,0.1393573573556266,0.017723536135958527,0.09329077430145138,0.1951392726328124,0.2255228000475982,0.32896625952655295
252,0.02963062810526689,0.004791768032614608,0.177948008323199,0.34398491385622426,0.29034497690690103,0.15329970477579416
253,0.035746669325885744,0.0513682353323782,0.05148440688173408,0.4676348407757977,0.16658807112483814,0.2271777765593661
254,0.049743995738161864,0.10005913479534717,0.17338716206056734,0.26788241865651435,0.10721356349004618,0.30171372525936313
255,0.15648301536631548,0.09029986647014772,0.22362280702576007,0.16796304156903552,0.15656533105316292,0.20506593851557825
256,0.06761711007147383,0.06625656640712681,0.22493873340311282,0.025377110632976638,0.43180385319601755,0.18400662628929237
257,0.01785245253837042,0.0,0.13418034730779088,0.03184517071106561,0.5418465829983948,0.2742754464443782
258,0.13579964416288642,0.1790131599657727,0.1582192623757976,0.10329098196776672,0.15763926040627935,0.2660376911214972
259,0.06533135450228793,0.0965888373251942,0.23502284507766338,0.19210789826439845,0.25717589616657294,0.15377316866388316
260,0.08034001517969615,0.09557092813924169,0.1077214118290763,0.2932647621368531,0.15052432700395407,0.2725785557111785
261,0.044210571471844866,0.10152587377663713,0.05334509012573852,0.2060773812174095,0.25241707559327503,0.34242400781509486
262,0.11647473818692702,0.11678698781784408,0.1301661421380237,0.14786343052494014,0.15206497154988002,0.33664372978238494
263,0.0908578628966217,0.046745875613079024,0.1057670301315403,0.29345600426834806,0.14051161513253285,0.32266161195787807
264,0.02570862213620997,0.017586605993048256,0.05584305631728046,0.3879635906498722,0.16662519825389027,0.3462729266496988
265,0.22536033471407899,0.03717817664707591,0.10310062694368875,0.09238570666357426,0.18048569444377074,0.36148946058781134
266,0.008203526145842233,0.08376086317443968,0.03038057870512577,0.20767180039545832,0.06375053475754688,0.6062326968215871
267,0.10282309246491506,0.06406616756726233,0.17999453138559635,0.2011389305005921,0.27690129132426483,0.17507598675736924
268,0.17354218122203735,0.17094443962277736,0.19300583383404932,0.044975039889616396,0.11170853677846809,0.30582396865305156
269,0.08037713559388057,0.07890810072296543,0.05456715879069666,0.2336168189028594,0.28015666027759994,0.2723741257119979
270,0.1774677992139302,0.04612236371399606,0.29710998980791653,0.11819246515384935,0.25637954121337897,0.10472784089692887
271,0.12463248989625691,0.0739829429341509,0.15536266785217537,0.394554985362097,0.12121033015425967,0.13025658380106006
272,0.04889982531192184,0.02898451791244008,0.16639029204535744,0.305820043904626,0.26873879391094485,0.18116652691470966
273,0.16675553853523603,0.09472984278388515,0.25217931955678663,0.11376968899663586,0.27981324897229826,0.09275236115515811
274,0.09192102506230487,0.06153747023800535,0.23277258713638985,0.31382601228847495,0.11967070196251138,0.18027220331231364
275,0.011524651612047555,0.018443807977613986,0.06659985656576486,0.5510599506269785,0.11724208393846837,0.23512964927912663
276,0.15847051676243493,0.14913252657113804,0.22501436919722348,0.21190817931795453,0.19144839198786273,0.06402601616338648
277,0.05662554002716217,0.02234018438692157,0.06283359051226702,0.5619852914108042,0.058297932557871045,0.23791746110497394
278,0.05313541625981207,0.011442619681377369,0.12995414256256135,0.2785660975230208,0.31630777577207697,0.2105939482011513
279,0.15449415778141742,0.03565690302039716,0.31851821596751984,0.13675091121294777,0.2426718772357421,0.1119079347819757
280,0.21363814130161699,0.17166274631368772,0.26198257400509234,0.05046562110284722,0.18439841380803154,0.11785250346872436
281,0.06368530974281437,0.0014087965404100597,0.2599818779286478,0.06490675066894427,0.48607481209031345,0.12394245302887007
282,0.04982624465617271,0.0611642094076793,0.15743094488071907,0.27348040498137943,0.23248112142059463,0.225617074653455
283,0.17110456109025873,0.10120901820415278,0.20111745946506548,0.12560308565502373,0.25899262985102467,0.14197324573447462
284,0.08825915777023571,0.07736775703696303,0.11951637710094108,0.32225771389260177,0.1994429986251805,0.1931559955740778
285,0.036708946991297765,0.05374983000326755,0.10438418872401188,0.3630474147485364,0.10403987371611866,0.3380697458167677
286,0.07516426989390265,0.09834611751737812,0.2784571120512481,0.13427958194757625,0.2750610335005474,0.13869188508934746
287,0.048377777777777776,0.03607777777777778,0.1251888888888889,0.4864333333333334,0.14923333333333333,0.1546888888888889
288,0.03150707196254141,0.024789350864031535,0.13355571332315933,0.3587055694366596,0.23132752181373614,0.22011477259987186
289,0.023522201449065045,0.023522201449065045,0.0973486733279016,0.33115506737083533,0.3358821643378032,0.18856969206532978
290,0.016210354754173664,0.026467119683718714,0.11704061103618921,0.5450004066145399,0.10855534138599283,0.18672616652538565
291,0.11648370872883362,0.05104921119711979,0.08852723175035525,0.34566361402689033,0.15866454339360314,0.23961169090319792
292,0.11564146088645967,0.19661814293343302,0.1274203911918752,0.11245842311503053,0.2558351683390375,0.19202641353416414
293,0.08415069746400003,0.020764943150177295,0.15107560397128852,0.42494520742334796,0.1831491453531458,0.13591440263804042
294,0.04612994671786789,0.030000590835564053,0.1733020426292306,0.3692804538651262,0.20571315819280986,0.17557380775940135
295,0.06707596057640644,0.08526721914756807,0.10975936760242444,0.23517366718686789,0.25846372022217007,0.24426006526456306
296,0.07005442629299756,0.02439975749714443,0.08945695022743853,0.4495807524497168,0.09029666543720043,0.27621144809550213
297,0.18109365976228334,0.09928013181870918,0.271157408100455,0.13417733164062284,0.24877216250842313,0.06551930616950644
298,0.035893860104243516,0.008522670519806838,0.42633759484548833,0.11248969477688385,0.2831804351604694,0.13357574459310811
299,0.22163446687459584,0.08429543746887823,0.2630000526445447,0.1002897859559453,0.2575559062707502,0.07322435078528569
300,0.07566321555681718,0.04050621423119604,0.18536997657207668,0.16865904211705862,0.2492544917345368,0.2805470597883148
301,0.06366053101649269,0.04812568067481135,0.06593820973221576,0.3951543064552199,0.13750420417259696,0.2896170679486633
302,0.12858579808929754,0.029809434846397264,0.200453488913296,0.31147413154250114,0.14164795573387315,0.1880291908746349
303,0.011094317699298025,0.05409718117005424,0.0744107518979999,0.17787939068843456,0.30114425489805546,0.3813741036461578
304,0.08674786933838463,0.041586363261661013,0.178948676288923,0.20469406687838973,0.2826395547820816,0.2053834694505601
305,0.035833546535820875,0.014044474522436689,0.10759359291153345,0.5541208723704422,0.1764676696709721,0.11193984398879485
306,0.07850159828576228,0.04920373105519381,0.21573085868798444,0.341849308562614,0.08640585851263352,0.2283086448958119
307,0.19136502500526748,0.15742509156500756,0.18539434371871075,0.1286094356552761,0.23145042187319337,0.10575568218254466
308,0.09857040485831485,0.03446148951409617,0.1085564426469166,0.4326372717449931,0.1445704168723152,0.18120397436336394
309,0.10870003813868664,0.12919124639952348,0.29887803111479333,0.147049541717938,0.17533027430697173,0.14085086832208685
310,0.05218872276409952,0.04083398782334836,0.12502640897351006,0.38586277029290855,0.22572114749761968,0.17036696264851378
311,0.048377777777777776,0.03607777777777778,0.1251888888888889,0.4864333333333334,0.14923333333333333,0.1546888888888889
312,0.12353143061876466,0.040437432107845145,0.05842982217811928,0.3805543193650997,0.11552416899087616,0.2815228267392951
